603
8738 17
34438 20614 68221 1081 46844 42857 89237 2052 92795 33701 88550 485 69069 47390 10840 36519 41936 
6897 19
56907 95402 83304 28038 71074 14860 10856 3932 87937 54263 6564 43423 14925 48793 75602 16476 73295 54084 37550 
9829 19
56041 83501 86822 88487 64120 77453 20136 75869 3990 47730 21391 97558 32779 67231 1070 11205 47315 51779 70861 
8728 18
71936 35203 33260 69082 65433 50050 87702 32405 56671 10134 74374 73194 74978 35881 72584 18116 81479 15654 
8696 20
35619 45104 44776 86267 17085 89554 3876 87902 38304 24855 77630 82092 78115 2284 82577 94634 66416 42488 5076 65791 
5134 15
91032 93992 97031 41345 78271 77120 73307 68890 41570 6727 98153 79664 97582 10421 62796 
9092 14
27133 70866 56179 39395 52279 14736 59636 33002 43902 83350 4727 61446 50047 14305 
661 20
48941 87312 32402 83190 46618 77606 50977 25973 15297 26557 49350 31489 55860 41272 44823 15973 86001 9112 5110 66405 
8758 16
13373 66675 45583 57507 17985 18403 74958 51760 95727 5445 88026 60299 49244 24925 68057 36492 
7989 15
22925 80808 6800 31099 46874 12877 34694 46347 25304 39418 86559 92114 95793 33147 4181 
1864 13
30623 34568 78112 35086 46864 18625 94551 54703 96511 52248 22717 43957 33943 
3679 17
43919 30290 53944 77953 73279 33897 32628 49586 15648 91484 54193 20209 39446 8895 23169 73820 64846 
6063 20
54575 67622 67848 78200 9552 95598 41516 96428 79788 1266 85987 48962 51504 36058 66962 28199 5828 91877 9218 50947 
5023 19
71227 57179 42712 75447 32205 66078 8667 54788 85676 13803 72850 31201 82184 73933 50887 5825 90649 87136 44869 
2415 15
17257 74055 95638 94287 27490 83554 4557 80257 17962 42484 53402 36089 45738 86608 46548 
9566 10
52477 57624 65721 48216 76358 44518 60741 85657 3302 41865 
5348 19
2519 22038 30289 37958 21795 43951 27669 16521 30371 60666 44592 63951 6144 42335 75228 92159 70428 9820 44219 
1356 20
83283 52190 15920 73445 49706 77787 89796 40507 56979 61543 74453 1718 98328 70779 66975 63860 57786 7850 74656 13975 
4193 12
82470 16068 8596 51587 29869 58278 52011 97482 99564 34675 49397 24403 
2737 19
1780 35484 13839 78710 64827 77444 89450 43703 40330 46156 3905 80130 33748 31512 9560 3325 25708 87118 78758 
752 17
30917 12133 28446 16350 55619 93744 18064 61302 70551 31700 72792 39254 94303 81483 26416 43031 91548 
5771 19
86501 33122 1209 28069 24242 99914 72219 64988 59863 66534 3612 93974 75809 79899 54432 93188 49265 33987 61655 
2044 20
29958 39554 69029 71861 27066 89068 25945 63471 64546 92294 79761 7230 69976 59429 90947 34336 2766 73699 63723 84863 
4924 18
92541 59614 93078 48782 56151 13354 87012 66749 44645 21951 44115 66609 99110 59889 33792 66797 71417 6532 
7368 10
56298 83691 14375 91433 40763 15296 10925 11093 18208 67270 
627 20
74570 6016 49106 41993 94802 39432 20137 76493 13907 46427 61874 92874 60226 60962 18989 17668 47618 75802 52170 38799 
2882 12
16292 6626 34082 78934 24478 48828 34255 54090 7897 83698 130 65860 
7984 19
44930 27980 6981 57104 7690 38861 57279 91557 40900 55615 78896 88120 97991 96995 83098 98660 59248 60574 56008 
6253 19
51545 43682 10342 66108 98355 77863 34810 71436 81202 51490 43797 83025 25956 9713 56995 98882 51496 1822 96307 
7358 19
8226 41726 81897 46729 65508 65619 36550 63957 45114 59605 34271 81543 47834 46203 30585 67570 34122 51487 88944 
9027 14
80014 57018 65839 672 33279 66363 7339 7881 32154 87363 96865 58873 65327 16771 
5804 17
94485 99751 90819 51893 91571 4467 68128 41712 8105 22763 48473 62136 8102 62289 5917 30618 34521 
5020 12
72364 56306 61717 28296 24078 84053 23908 97385 71679 34753 70976 11335 
1653 18
37098 38343 94606 23427 57035 29400 96842 94978 91818 93600 28095 28629 53375 28621 32573 13447 98634 85842 
6871 20
40071 599 47629 87851 67662 31515 12282 59306 42836 75548 36149 80127 74615 74736 16615 59246 66013 21581 39044 13601 
7175 12
66907 75263 28784 39305 23413 28230 17709 96386 68888 4082 14897 55577 
2541 18
23352 96147 57554 79040 25662 73929 12444 32094 41831 12038 54239 98796 43459 29965 19302 59039 14967 5197 
7104 18
6640 86511 88759 92978 52594 14464 11303 87687 54403 2984 50761 80549 31313 13281 61556 72320 71194 26014 
7407 17
71967 84012 19051 99915 65910 88573 17054 56070 58136 75113 18397 5091 72956 90246 64217 46170 41471 
5002 11
31469 26815 79017 56284 4951 79583 10707 62072 18834 62394 74901 
3548 11
40089 7620 43615 85798 98495 18494 15037 49240 69461 72581 62046 
479 13
65438 31568 15780 13011 90023 95650 70053 77731 9176 95716 4191 98692 15992 
1351 11
89302 21165 47154 31055 36187 28930 19843 91501 59813 2942 36129 
4386 20
55589 76411 81146 63486 27770 25605 55159 51559 8144 74910 53983 20278 58984 1441 41768 41057 51286 70149 2757 50686 
561 17
96955 95256 53763 74585 62468 97761 8806 97800 8987 99897 85188 81332 72772 51002 51720 25871 58923 
7305 11
23444 89141 17735 27769 569 31000 71052 41276 95997 16103 80227 
5390 20
1629 26973 91957 41659 46059 96555 76674 98409 37734 9937 80485 5053 65140 61675 83944 32506 75021 41223 6763 41258 
5857 16
6504 40680 22716 72811 85184 94779 99699 7444 67607 86694 44471 65193 25390 58643 76320 32808 
5555 16
43114 41617 26780 15588 5128 48511 40617 72557 77368 44824 52666 43089 53231 21604 3773 88406 
8449 14
14558 20646 45138 28274 80146 39740 8130 1067 63841 79160 6551 88496 150 18333 
2786 14
37310 15562 29626 88803 99560 10714 7537 53376 38790 72419 55427 25368 27246 34993 
399 12
5704 5660 36203 59660 55849 58319 86560 72616 44405 92949 16700 83483 
1283 18
78912 89194 18163 45905 65797 29280 99157 21454 30634 38825 18667 43971 61184 34956 96458 87663 50561 9751 
2017 17
20243 5622 94563 97604 74179 75426 76967 3036 29367 17264 23740 62087 67785 57327 59125 8443 14595 
4138 19
7028 92204 45568 17444 74424 68663 55497 97831 57207 16048 41421 45495 34073 96595 37046 67693 59332 57000 6958 
3612 10
12164 75570 74097 94125 16598 22854 26970 15834 60652 25134 
820 19
17999 52153 81969 83119 30251 60338 20672 8452 54419 97361 27479 88971 82097 26664 9376 44633 86250 44370 66360 
4112 17
572 27645 65305 35584 7423 49884 67144 30218 88453 95395 72854 20577 8516 8967 68058 46917 13957 
3483 19
90279 42098 11010 87119 51336 82304 72828 94901 909 87024 94004 37523 30642 18848 91934 88637 38455 69536 1098 
4589 17
15019 60847 25544 63137 69690 7474 16290 96657 57543 85547 13094 68905 21652 37167 42443 35659 65364 
6235 20
54675 98310 2510 89751 51514 33564 21213 14188 78483 27975 20599 23126 10813 67868 16201 74048 89434 85956 44347 43368 
5345 19
860 89116 97852 15602 94530 98257 32964 24450 62392 72349 11138 17624 31374 36536 95436 90912 13629 30131 56301 
6338 18
99700 12190 60792 87196 95615 90076 14542 24605 84191 50679 68607 73241 28228 45550 97460 85867 3993 87956 
1659 14
6279 53843 75181 66551 60276 19804 50300 56181 17025 42808 55938 76475 35568 43695 
6997 16
89931 98688 78792 5905 19589 40161 29304 15745 17992 87668 28159 789 87233 72751 15852 66150 
4439 18
6785 40174 54368 72389 91600 10386 75771 75100 20796 39744 13903 11204 24579 65954 42593 99588 30114 9881 
8178 10
9401 81080 40436 45833 4923 53621 40020 50605 50677 96730 
1617 15
77589 93865 59984 29324 3912 28758 2333 90550 29606 91605 26184 19774 91056 47934 70432 
9985 19
5474 86708 18118 352 81477 35989 4521 95315 81469 46976 43277 39791 57997 13262 94829 27065 44342 31641 71651 
2276 15
16594 88880 49600 40974 53887 39529 60061 28198 83080 75298 80809 50057 59168 43859 22235 
115 10
76397 58775 15264 96238 44635 99249 50746 55235 5443 60419 
3091 14
24479 90370 33403 33875 78266 8607 29249 64373 30466 11278 50612 37800 86977 57247 
9847 20
40102 53569 49572 25360 83320 76930 96190 11764 81346 83562 98774 67470 90236 51583 34886 42249 31148 86436 37905 85170 
2440 12
36019 32503 17250 95621 29022 52280 48961 273 51054 38466 44569 95859 
4395 19
66605 93942 77725 91034 9978 90725 91851 84928 93784 48010 82899 80554 14023 68609 78663 12772 69050 97933 19596 
6953 16
4460 44169 71259 13413 40597 2391 45821 6931 54548 67642 46259 29728 66523 84887 52169 46501 
462 15
11995 88288 65678 36094 36722 92412 12322 82077 31505 72407 29109 84319 76817 73681 45164 
2863 9
58684 99870 11046 70638 855 51663 30562 19056 72313 
2143 12
15678 17145 18889 34395 67372 79592 87144 21511 28330 86761 98833 21501 
906 11
60103 51287 44052 11604 24241 36627 87150 2770 75208 73612 46263 
794 10
74291 19230 26937 19564 94453 81411 19740 14396 9991 64596 
4319 12
92950 88250 64662 24612 49885 83203 61789 67521 5288 28815 31577 7365 
141 9
61373 52135 42032 33554 84401 11061 1616 27534 21027 
165 18
70232 77458 56855 28355 37089 6338 82111 76135 81958 57068 78600 71402 78531 77356 91426 33518 29967 88798 
9918 10
63551 71772 47523 14457 27484 83949 61821 79933 49584 31825 
9100 15
40503 79050 41747 67500 72373 1905 11852 53450 58793 26345 14179 24333 48829 6610 28665 
3525 19
60690 22992 53202 39839 33222 88124 26248 28338 90138 4701 9648 72796 5122 89782 54655 97816 80204 11729 99793 
5569 13
64850 34230 84254 59384 3796 62797 42224 9565 17805 83966 1429 54440 49204 
1427 11
16915 98986 40047 8827 56741 82504 7576 36020 86916 75006 87619 
322 13
37233 86071 22915 26229 52127 65870 72500 6746 11553 24630 98762 96607 47789 
4037 15
14868 98773 10238 57868 36940 47427 81436 84441 54646 25943 37484 15345 90516 79528 56820 
3546 10
83879 46983 76616 55898 55536 92353 84271 46114 29226 46370 
1985 20
21711 53075 17474 61947 55034 21684 79703 44967 75766 36762 12654 85728 46771 50199 52897 15175 71188 21898 72046 77460 
6313 12
93797 31659 43265 78987 82829 28797 67578 11942 40845 71033 55835 87162 
8839 18
73517 13780 11548 81713 62467 17418 61444 25692 80409 4964 15830 66404 30601 79479 48420 24954 25978 76776 
8384 20
29310 76168 27699 71023 90223 79781 84313 24067 67329 15212 84933 67804 45614 54344 4986 37923 69826 34713 81966 89482 
7658 13
8891 20970 40645 25826 48988 6353 16453 55638 62112 25900 47815 31242 82620 
1195 13
9331 14934 67451 34 58034 12925 16525 81708 60713 65784 61163 99673 79555 
2161 13
85231 60933 8541 77726 35535 42313 79403 33316 54735 11177 27813 90603 29731 
6054 10
4824 58795 69265 4114 19734 63110 15284 56202 52082 61539 
2890 11
60955 55383 53382 58072 64427 8520 58129 58257 87869 4120 59460 
1596 15
79620 43430 75356 60540 25014 30880 29111 76098 99733 15116 66979 11141 5745 19531 2125 
9080 15
62283 62624 88381 36678 10837 22636 82772 71727 61045 50566 65491 25423 34134 95328 27874 
7967 17
87274 43138 30594 96830 20191 59764 76043 71696 70732 85309 40555 81258 81907 82680 3249 58473 48520 
9629 17
76914 33547 63036 87028 69054 51633 13258 29531 18160 50041 56195 88717 60819 1721 30591 37812 8705 
7261 11
80930 42784 11531 9894 56593 65000 44155 88509 78525 1049 69987 
9486 17
77993 25214 29781 88324 29916 88042 96171 144 85828 42294 1142 3667 13021 47863 25217 50136 81616 
7494 12
623 10857 41288 10663 79302 90878 36353 70468 51017 76735 85508 4463 
8981 10
73258 36381 15079 52999 53912 87611 11981 89217 68881 92873 
3726 14
25619 60925 84645 55052 4363 64035 32226 36631 28561 19778 28990 85115 64529 98339 
2977 13
55942 3911 26975 15505 5806 59016 22277 93384 51874 12353 17198 1255 2309 
69 13
61389 68154 51531 84681 86023 24952 65739 92147 5808 11810 61912 52387 35067 
7734 19
95387 92277 95683 73853 76638 108 42257 25989 59922 16254 60539 23806 12479 47672 90738 41152 70372 96541 10068 
917 10
97211 85545 29121 38274 99771 3449 59516 44084 33126 60729 
4330 11
96715 71274 72368 96206 60050 2290 80442 97836 87042 6287 52496 
8149 10
16863 79950 87508 71560 59349 39297 11281 46288 42728 88199 
5510 14
66083 80974 15448 35068 45455 23029 61620 49426 63147 67104 69642 78494 77436 64469 
3229 15
99601 45433 43290 25510 14939 60149 43248 45081 10429 35511 9100 76434 96380 65445 74019 
6229 10
76302 75827 28422 81657 24198 14751 61540 8106 10817 17584 
5890 13
45170 21303 87132 51014 54564 2906 38068 86418 6903 59698 74252 21789 60359 
1996 12
30382 63868 73587 26562 15683 69113 24317 33775 67027 34632 40074 83088 
5765 12
68457 4691 88576 21176 65957 54227 37791 66855 89199 15756 6430 86956 
8330 17
75340 35579 80067 19806 17885 30160 63306 55804 35551 48779 27438 58250 62001 45963 59117 91846 86200 
8691 19
48126 46058 1012 33992 80049 35565 87419 18437 15480 78477 20152 50247 78715 55714 29434 85175 15371 11153 59290 
2590 19
59603 58315 54953 97615 34053 83513 70859 78111 45635 37688 29997 5742 48875 24522 45069 66541 90452 42927 81087 
29 18
93750 80532 77682 66311 68449 12708 33042 69361 80009 55674 33336 68691 77350 99675 97733 50056 23600 69534 
6977 17
66128 32183 70449 71114 50143 34286 75975 32393 26326 17293 1942 99975 97203 16614 48057 70124 99006 
2497 15
65230 17597 10644 81091 80191 90565 30941 41298 89009 2357 95546 66535 33888 86828 11387 
5171 20
16578 35832 10543 49129 52278 83485 98516 58294 59834 71222 53013 31258 22050 72825 72316 8111 32968 57161 30835 80163 
2075 18
24782 49072 84055 68423 92693 1448 18433 18122 39879 70852 86288 50393 41424 99139 69430 39111 4859 38228 
180 20
22770 56086 52970 71005 98128 862 79716 3243 20863 72660 75870 84541 97815 53633 57753 65750 31588 87213 35394 54866 
4535 18
77091 28322 69520 66425 25667 36600 7516 58582 4879 96236 81877 60973 23752 57008 17603 59703 30949 28816 
2137 20
70379 37854 56949 23621 64790 4572 14704 44632 36726 75376 26245 46404 93795 56775 24477 75016 88626 23019 70737 16397 
2610 20
1382 65479 61304 49113 77032 39325 48043 89240 66708 4174 7820 74761 25060 53356 52297 30494 11071 10458 48745 71113 
2131 18
39127 40821 96117 58267 57250 32293 28303 63610 30118 96149 83882 5323 4950 49793 98680 60033 99241 70660 
5789 17
54566 87405 50132 13429 62416 347 78124 30447 69491 15119 16737 31614 89758 61402 34964 5401 97026 
111 14
70445 1692 38153 55457 20320 15253 61427 1559 40466 79430 45472 8792 78382 97759 
9291 19
61965 90997 18754 49163 67203 31620 98661 55315 21108 85620 77294 70367 28135 26874 18872 43178 28222 6043 66701 
3470 14
20558 98740 83206 73037 46955 33836 78132 77800 56067 41087 72116 20222 44068 23632 
9095 14
75822 3621 72812 18313 37934 86290 12473 93109 49484 14246 17192 86613 92928 20395 
8648 16
33752 82906 80463 5890 5663 61228 31855 85459 81295 22446 92903 41666 55376 40446 25704 15391 
7438 20
92491 76815 43162 1137 35463 42865 51686 50938 85581 86426 68645 50115 74677 82920 29776 7093 59314 89848 39760 60101 
8677 19
59762 61954 69066 98603 36527 63444 84362 95939 27075 87787 86212 5765 75934 11813 57476 65537 70719 55736 54100 
8056 13
31110 63827 35890 3561 75487 45770 24457 19817 87430 34361 17128 96476 28167 
2991 19
36568 80187 71546 18985 82300 90602 69656 35481 465 85266 16259 37044 60312 11897 37961 44075 3424 5604 11800 
1927 15
40567 86437 73243 91736 23592 23729 3347 37925 57500 25473 77772 33481 45031 32340 27236 
7294 17
9222 87816 64804 14773 92094 74403 83381 24763 83796 14520 10973 23108 1412 79261 12787 55349 21556 
9647 19
6639 93830 20992 36874 22523 77077 36307 29392 69201 25354 15121 35547 14951 3723 46419 25514 24037 95318 47109 
5966 15
49097 54755 19845 83074 13419 31161 68638 84774 24337 37855 87237 52220 27856 71086 32717 
3868 16
88866 35657 15235 78867 15483 8246 20585 93556 71860 77797 48204 36551 14853 79373 45565 38492 
3550 14
36462 62814 67059 38174 48062 60417 59389 30761 44797 74796 25997 9428 61815 77749 
2900 12
63775 64218 51805 28661 71673 15207 47321 5624 8159 314 21725 42158 
8180 13
95481 61325 28946 41992 78188 54818 52039 9612 2533 75155 65147 50585 98201 
3719 16
98025 81004 47367 34807 37449 80832 26483 7953 41713 74216 89283 90708 38987 23489 97039 94938 
9927 12
15046 62049 62499 74206 79480 25242 30544 6861 6495 87095 75180 79254 
9751 18
30671 97787 77396 94983 88494 86798 40731 68269 36902 6374 78043 81153 15698 12414 92385 68977 67431 16176 
5805 12
750 60441 10948 44922 26733 42579 89107 11382 38167 17515 42416 17082 
7280 13
80899 6392 93565 38742 1658 5116 55355 35081 2535 88372 35778 4380 86327 
7096 12
14081 74848 51471 7263 56709 98137 59961 70558 21657 37822 74167 11788 
4457 15
89928 29127 89588 48851 72070 90672 43625 29944 10762 39188 52833 87383 13166 72866 74825 
733 19
74547 79180 92724 39705 55817 92955 86454 49094 67770 13284 65928 10133 76251 80266 83833 95415 66261 27665 5837 
4506 14
46480 38358 68459 32001 63107 98349 69560 48250 39993 93152 7121 5368 88297 9268 
4072 13
49199 82737 24964 82192 45975 79313 66899 40813 72640 79547 20232 68899 27998 
7442 13
43972 88066 83475 51910 88608 2411 75666 7033 95694 18588 31144 60742 84007 
6644 20
89990 62465 5281 47332 52990 87633 79918 60249 35676 34217 91504 2164 10816 32722 59710 43182 39066 67532 73905 34688 
156 11
13469 15885 65197 1251 54977 73296 20438 46885 42859 47307 36043 
7801 14
92511 74929 34242 64579 8998 53143 52343 42360 9805 66911 64401 67131 5417 46320 
9960 12
54985 19578 87648 72481 90539 10159 62212 81485 72726 6102 51956 64334 
2664 19
52093 54995 84514 69525 70202 65434 57718 47150 73448 47589 80596 57976 96111 31295 73485 91693 60287 30059 39531 
9548 12
5328 33079 12593 79741 42365 49282 76966 2920 87321 90100 50610 65341 
3597 19
40462 30212 95110 43268 15572 44464 11413 10118 37962 76133 43181 26650 84345 90342 82493 12667 73670 55285 59146 
7666 19
57985 21917 59732 69744 10829 83744 71368 43543 72848 62577 23158 64442 4587 74893 67198 35764 12676 6528 7657 
8530 20
11503 81373 87719 5892 26138 53582 59089 88957 32631 2304 20859 16064 42760 19448 98024 99723 22968 96213 27044 82458 
8582 14
95124 26310 31680 60342 49047 36499 73331 83989 41460 90971 78272 56004 91550 36362 
9017 14
91709 14022 5712 19329 60058 91892 26768 60619 43329 91072 80430 42812 65630 95557 
9992 17
65697 18310 63811 12834 19245 84675 24118 50037 21906 60898 2448 65970 94642 54487 28487 97315 11896 
9775 17
77110 63160 77427 96993 79094 63112 74620 61448 40064 94834 58834 4152 7553 65172 75873 51106 10071 
2119 15
95209 45675 12283 84550 27592 88212 23288 40627 39745 4940 76818 93238 34485 10162 59456 
9200 17
95783 40998 49335 23736 5786 75076 72874 94798 90870 81025 86219 59635 15517 8628 13319 23611 21877 
9616 10
86840 17570 99815 1364 75156 7556 16417 41559 78190 26504 
5388 9
31625 29262 22454 56049 48235 16596 47577 68884 6239 
5873 20
51111 42960 71845 52916 49162 80581 64148 25664 54746 72106 10884 31494 34432 30683 68214 76811 97334 11228 45383 26816 
4813 20
53605 80961 33887 79227 94508 92336 33141 80938 1619 4381 44893 81110 48889 56513 40613 80023 46409 61968 4925 70504 
6446 20
26401 15900 97353 66792 68545 68205 46530 53448 69144 69387 36923 35735 27618 83774 98393 35871 99013 78839 10142 58291 
7963 11
9705 79522 74147 66573 28370 74649 89191 61205 25831 49736 63912 
9002 19
62316 12124 37414 52024 13716 74681 58943 86336 39863 99659 57226 2591 14234 49905 77985 31122 42901 16782 34020 
5561 18
78902 86943 89336 22333 83556 56036 45745 16694 95691 22956 46088 19769 60024 62957 63862 77839 88233 66602 
72 19
78903 86298 89314 46450 48253 91093 11162 4881 4102 54942 91784 59615 12452 17698 60433 38635 16099 63639 52737 
8101 17
85863 77330 7489 18975 19326 44892 25853 27883 9825 4386 69595 87425 46390 8586 96290 69837 87912 
1024 11
32114 24268 22368 4972 52032 38759 61721 82442 58408 68426 20277 
7843 20
20265 17796 13585 31208 40070 5667 9698 99266 45791 15016 3970 75591 40884 44404 31352 74467 42817 77573 38684 9526 
3907 10
14146 45631 92245 99279 42943 34950 58981 27219 33825 39237 
4397 18
58227 62566 70596 57816 78149 766 18659 26663 1045 63839 88370 10042 47282 61075 41856 22832 5263 27853 
3593 15
28053 47659 34994 54417 67321 86790 43069 4356 93767 97806 43298 25849 98014 63730 56321 
9733 14
39173 58005 38374 90923 55543 16989 58337 55530 77857 25678 52738 73503 46377 4715 
9081 15
8893 82682 3001 1161 31591 86117 34619 93266 71966 55774 27930 51304 56624 36605 37630 
5339 19
74857 8649 63380 97317 93773 61805 72427 57668 56296 82022 11166 58639 40789 57166 68007 42866 21895 58878 12125 
9507 15
47750 61625 22639 76685 37861 426 43700 82357 50520 84733 38469 13243 107 28393 46675 
520 13
24213 81727 63571 13982 61116 41348 19502 13745 90702 22444 34091 30948 110 
9028 15
33839 1506 85016 37017 90292 70946 18377 69008 75877 27682 83450 51723 71195 9170 151 
5202 18
18250 60356 31782 86155 19273 21096 65496 84690 58369 62898 97824 34541 24818 87187 84619 58381 70761 15311 
2557 13
64183 57927 36464 41614 88848 88147 37269 82808 11910 12946 36888 71911 72443 
5568 14
11989 65855 66563 40116 15721 70548 22644 72568 11333 86322 83113 17432 45053 67294 
2235 19
18597 56327 65586 81026 75038 95174 47269 39343 91372 60651 71171 90978 91502 94805 19971 4980 34107 31664 24426 
4083 12
52309 50999 1959 71983 16089 20469 17715 23437 67135 43990 92141 3262 
9506 18
61131 32320 91177 53947 73605 13325 54080 28035 82657 2253 55571 95401 73120 64272 48747 33125 52150 24168 
336 13
33376 95097 68306 69547 14879 35413 708 45101 4456 4018 20031 78480 72530 
1201 20
78818 16196 58677 48464 28933 91106 33588 99331 63192 4850 34078 8851 93111 8585 6471 84256 26759 66837 33482 99899 
2079 18
81842 82091 87837 87813 3333 10174 9323 47464 49627 13037 60294 65350 96654 24382 58472 87657 49369 22275 
3245 13
16918 34803 16529 13640 17762 59501 25424 44312 92454 53768 23154 38197 12848 
1800 11
62554 51532 24025 39404 31341 97417 88329 62440 75484 37546 81760 
5113 18
40419 63919 27943 83827 9777 26368 96410 87593 26672 92685 69790 70484 14354 81601 21533 4515 10913 69974 
4277 17
1840 87780 43436 34590 5683 50526 21120 59812 76239 41002 93834 43504 46843 76576 99806 88908 15890 
5990 13
24991 72817 8844 46525 30267 27051 70341 71709 27750 57778 24689 35951 63765 
5513 17
92024 56844 71501 87634 44137 68500 31381 87175 49374 65210 58261 4574 75099 3443 85906 53280 39013 
1760 10
5901 39132 49620 14830 22422 40929 58487 82880 46805 28953 
1002 16
64128 51557 43863 53213 49726 80553 79194 45978 38278 38792 61038 9968 27661 28160 29363 75761 
1348 17
19371 53262 13098 39422 90465 58518 6111 27379 41574 65834 10838 56091 90943 73329 9142 55706 81953 
8128 11
27904 98960 25117 78649 19960 19901 260 53094 95115 6491 2429 
2722 13
22626 30535 63545 91360 58239 98911 75712 85352 91586 2495 75932 68648 63596 
6724 11
61454 66109 54142 63341 95077 92534 15302 90183 85301 55452 63244 
6202 14
35878 47571 3489 73534 70036 69527 37978 87037 92835 18657 81666 32439 26051 88430 
3307 17
60928 23112 62701 61555 95164 3028 29291 80457 25869 44376 53292 74641 43229 19159 24629 68951 24765 
3459 20
33307 1678 87515 77920 8575 57400 24874 22522 17120 25755 87562 75515 71217 55157 65964 10876 12206 28136 53358 97886 
9855 20
60258 74200 83257 45533 55738 34698 84226 89198 14014 94033 64392 21342 79077 31629 2999 56073 18568 51479 24583 69233 
4164 15
87460 40738 44932 35906 4947 4903 31466 83030 32376 84170 36802 5488 29670 91515 83957 
585 13
68035 95338 10728 47000 22158 90553 72114 28778 78187 62068 98225 40085 75655 
8050 16
68239 93694 18693 42059 37194 39647 50751 70363 63540 12728 813 24179 36105 63265 3975 78373 
4975 19
15294 46795 82202 31058 50453 59131 4055 34111 44093 67501 17712 31660 9209 32445 95820 8832 480 77534 27153 
2021 18
1843 27794 71286 50373 37252 78156 81421 71534 35269 23418 32198 37960 74288 59167 34561 78468 12950 64069 
1453 19
17714 25123 54983 15385 56190 28208 24651 38811 66733 39332 49749 74243 1339 59341 61255 12015 70749 68226 51412 
1110 14
94775 46345 82667 63840 11124 17878 79216 46752 52822 79109 81924 76657 31146 13971 
7166 14
43444 35811 20255 99387 98138 86148 74754 49505 99442 34912 60913 59221 58833 60261 
1723 12
78751 34302 93635 73071 78358 8285 12887 87936 33651 33745 95946 70344 
4660 16
39466 49130 75421 50666 72867 62952 34629 82664 6364 10404 18015 49197 68486 26081 53046 8268 
5200 16
739 17045 73487 16919 38119 46191 66843 3784 60888 98368 90506 28276 60617 58521 59035 60677 
1584 17
80641 55911 51502 39082 13976 20516 67789 75917 21771 11055 35610 87744 92745 95584 91937 41634 30631 
1349 18
28366 22375 94002 45850 11511 19353 74174 82237 75381 17539 42110 32056 50069 8164 86640 63894 44508 75694 
500 16
57125 91652 66310 83347 58655 98148 78037 25274 65414 99206 71608 23993 53816 94222 22226 22260 
613 15
29089 45699 1648 27843 66286 64411 58866 58538 62608 30748 3318 53323 6207 23127 98922 
9963 19
54749 66242 13534 51392 11101 74257 13159 43895 55717 32448 23537 34741 1914 27003 99824 3471 35723 9928 47722 
2976 10
57087 71809 78019 67248 96358 90825 69552 74210 92701 38303 
2297 16
32352 98491 19238 67018 61759 74118 54343 20451 72402 48161 5511 6718 42504 70960 26037 34902 
7506 12
38236 50423 75419 8129 59395 53271 86524 64897 97004 70054 13059 63738 
8409 17
82810 70955 19868 16772 56398 36205 10599 64630 30021 69191 38887 98392 38604 65606 59291 86197 66290 
4177 14
7032 76985 62027 7074 53773 4981 92357 55037 9436 7999 46104 29695 96601 46241 
3564 15
77305 1094 59508 5687 67647 85539 22124 50257 92079 62024 73121 83454 82267 61102 45590 
3202 13
40153 53811 77943 85328 40329 14449 78302 9868 62991 91975 34677 33477 22439 
1048 16
51088 48944 42369 2777 80509 35936 93924 87605 2719 98940 26530 94677 73942 36777 46095 40363 
3192 11
48592 87211 76950 97915 93968 37464 80379 30196 36237 2209 96441 
2331 12
99421 67429 47495 77431 7728 99841 78051 95845 35191 82730 79548 86018 
2354 17
83836 34592 13855 85588 98489 36553 88758 95568 44082 64925 17389 84102 94728 10055 18980 43350 48364 
8587 19
67325 4685 62910 76951 56007 61696 64378 35465 37892 89433 96446 44756 2274 32612 61852 79082 47251 75555 39498 
1303 10
10712 38393 86784 16140 62938 57796 68932 61669 69822 81156 
3892 18
20053 99035 36386 94948 62900 98800 67317 71082 22403 53692 80893 32622 12462 87941 42265 92764 86775 730 
7496 15
31034 28470 15189 65539 42372 18581 83511 72242 79063 42525 11057 1708 41918 19343 32602 
3766 11
97610 53710 23121 41609 98159 72504 89793 24788 22781 52837 96098 
1878 12
28574 48646 44655 84076 11468 55740 18070 98695 95668 54475 39007 33312 
5830 18
60649 78489 12702 23539 13259 72476 72903 38494 66515 78890 24291 6634 69900 66499 72095 48468 88894 19095 
440 19
97381 92904 22116 75875 72845 65068 51407 17196 14865 81887 22669 22051 52863 29751 90229 52208 64025 88277 98786 
2047 19
31450 16869 65400 85450 16253 81296 28650 75276 7932 37522 956 5708 80520 75223 44463 19298 94556 29083 10296 
9432 19
2249 98418 56335 17858 81542 95835 11634 11793 96975 69921 89583 29522 43546 76675 34357 1915 36104 16250 42127 
2941 18
26702 60521 48683 74413 4640 83131 84005 93261 39396 23637 39976 33092 99409 66681 88228 87413 6628 15166 
296 17
13112 53679 20885 34006 34131 9523 80421 62489 18247 68972 44461 32470 7083 95246 70315 5286 18353 
2535 16
91013 214 13128 6673 42348 30238 82376 31798 74586 89687 70731 84923 69875 11668 71440 91069 
4393 17
41944 37998 77553 23274 45930 83247 45703 7129 95520 61800 34591 90953 56902 96102 1359 92230 28106 
2097 17
71974 13950 4479 36914 56512 59220 12344 99396 58614 95184 70408 55915 30639 19472 72902 35119 84576 
7071 11
83596 32802 54358 83688 40860 49768 61317 93910 72570 67657 28620 
9871 13
1601 84703 15552 87836 47617 29061 17117 80393 58231 63085 15113 70576 21955 
1922 14
28272 66594 78341 46302 47480 33006 83563 13471 10999 65637 56722 26616 61330 12422 
3215 18
97697 28626 87224 87041 76153 17979 23408 85996 45484 56506 16565 29694 9127 56551 19258 48973 12289 85233 
6995 17
65061 28301 95925 7997 82356 31004 79584 59001 44045 88527 91388 64793 19352 36061 59224 31952 10252 
1565 17
60497 21345 34472 94823 61342 97056 85015 96150 29635 71487 32549 91398 82383 19907 52008 72597 5130 
5912 16
58401 15943 77245 7871 88435 63121 99381 14229 56772 17694 36075 35156 13665 55233 96622 4145 
6153 18
3584 66969 42225 66858 74845 99823 66107 84343 75433 26120 69519 51064 16235 72700 21525 60960 29233 9862 
3730 10
53438 71144 68549 12766 87049 77932 40837 86078 69943 54628 
6251 14
16022 87309 11089 15844 12864 85018 80211 43764 55479 77515 43311 41244 59385 69835 
1244 17
69323 4661 58545 65878 2194 9198 75652 73099 60745 60374 15399 98458 71236 8718 40847 30477 88658 
8262 17
14172 60403 48694 34545 38939 48070 11053 30397 4437 78104 98408 55618 48142 77806 54072 95669 13390 
1973 17
28670 94800 27527 50348 37676 89391 96683 14394 94537 65802 28074 24433 91268 68673 65534 5102 55929 
620 15
33339 31142 90128 75530 52399 53525 11351 51771 30153 76139 63067 10717 27378 51858 17004 
407 12
71500 89988 97045 85883 24876 75547 63462 6225 18420 586 67822 80675 
8139 18
20698 57494 67726 30109 54522 68501 56432 99605 98805 12427 8074 69867 93749 87734 10964 4255 15831 35907 
9833 10
74638 74124 14706 60218 13060 4580 29207 69354 33929 42595 
2776 14
29441 93717 21246 78989 59690 6571 12399 12978 50711 85673 20680 39135 45737 18378 
5851 20
8445 79965 3982 23556 21720 87530 56563 30381 12513 17291 95728 45502 85653 3163 21555 35601 99002 21719 50129 16980 
8137 12
79951 61271 99971 93445 57208 45335 17341 4070 17619 56364 23685 376 
2990 13
1694 86907 18740 19416 91454 21894 92293 59140 66032 96168 91357 55196 29099 
5167 13
46379 34460 91696 36994 72007 38237 93921 73438 62964 19003 81952 93693 53574 
6597 10
92021 53302 15458 7440 65480 88275 36057 61254 97363 3198 
9250 13
64333 91350 85035 44363 81473 22362 56990 26902 40283 47229 50572 401 36413 
4830 18
90407 2082 65869 44469 43359 19407 52179 90737 12587 50014 47652 57205 38252 297 16188 9797 60012 31810 
8976 18
99108 935 11277 65931 89239 74851 53060 12849 78872 10516 7834 3108 64180 33228 82073 43847 99779 6077 
2394 19
47576 34607 94214 40639 96142 36757 83514 1998 63799 25967 43263 95029 73569 6758 20575 12871 36193 9796 29201 
8422 11
49918 27526 65703 70695 73609 1290 62578 17780 32319 71702 27225 
4019 19
46896 75900 24748 73502 77622 68577 8242 4418 93507 11158 45883 22638 28194 97352 57610 70984 86048 97287 17988 
2329 12
40712 29778 41841 26570 63990 19110 22363 61537 66853 32615 39794 15360 
9406 17
5841 90664 38995 99727 50040 21811 37802 61802 21450 61376 98798 61266 71155 99666 34427 4440 99586 
3774 18
99852 18594 16820 87531 62564 64308 28910 50395 12810 35652 31987 64044 4848 78004 74135 39444 74696 45267 
4055 9
62326 20119 72834 24286 46505 87860 89428 37116 22090 
1778 14
8363 18335 44766 98875 51003 37771 18685 68698 57572 51298 7926 71627 14180 97633 
9573 7
79675 45212 2480 23543 45598 69101 4039 
1561 16
30326 71237 38789 92091 18027 92126 9880 16710 37006 87458 53032 16984 90433 5669 37612 27889 
1900 16
2202 63098 78736 84127 79683 85919 39581 74098 44343 71537 23406 16673 50534 37072 5857 8321 
5177 16
65536 98745 39707 40377 87343 62448 97785 37729 12620 93683 40825 40640 55279 31518 35665 28931 
7291 16
22361 46919 93667 5342 59060 94577 91141 97174 12393 35956 41236 72354 95257 4819 29640 2913 
2058 12
32764 85397 9370 20315 36073 80998 19708 37058 96608 89966 65925 51763 
7069 18
27194 44616 37184 81575 4897 52947 93345 85412 81860 21644 26031 16123 50545 81377 35160 16197 89369 46676 
2252 19
94128 20491 17897 48674 68416 43402 5275 98399 61904 98116 45813 45591 37181 14864 12246 28909 54837 75086 6297 
7875 9
1899 66772 94447 42940 9257 19248 31130 57116 27280 
9350 16
52026 21805 86116 73452 12312 85579 35891 73293 53856 97322 71105 71689 43367 6068 13875 74829 
2595 19
68600 24051 74434 65394 6211 14294 53077 47277 7402 43589 89403 20237 37988 99774 85163 21527 32210 58789 56102 
2147 16
14417 21848 23635 69647 58874 70931 87523 88703 76154 69524 79979 39926 94883 66472 46721 70177 
5013 14
12961 83254 39938 74158 74804 8702 99669 94442 1295 83357 64550 94655 33940 96735 
5123 17
68230 22311 31182 94583 73875 87725 4620 44 33095 44326 87570 18712 47057 32289 35623 26371 60536 
1737 18
11483 75184 75599 7055 24216 38352 41108 1912 35667 75169 18610 63090 10209 39513 96574 74518 28258 7610 
9106 17
44677 66450 97799 11562 1528 62637 16225 38499 33723 7416 15789 44468 88686 86033 37095 55477 62653 
5580 15
59124 56641 87843 70417 51678 17189 80063 46759 17645 41033 44945 56542 34412 91608 74674 
7099 18
47399 17825 92480 94394 44858 42133 25972 57840 50485 55683 43684 50093 30175 72976 87543 80436 24441 87568 
4445 17
43752 62825 56712 43633 50809 86879 77720 60268 59127 73055 42766 32619 96486 73735 63365 88140 14088 
1189 17
18505 83259 27803 92432 97821 79407 87032 76647 24042 45900 15220 4207 96492 42713 95218 18054 822 
1268 18
47798 98037 17914 42468 30239 12045 85192 73816 97669 80268 17540 21854 6648 2779 99819 5787 37784 68325 
5895 17
85487 24176 39803 59011 11231 26288 48597 70738 46911 98518 10235 32811 76260 41462 18396 23350 93298 
945 14
70182 59483 61938 99617 54232 15560 17173 33302 62066 79334 73256 19221 46515 92601 
1139 11
20382 63126 46215 51672 1884 41635 33173 24234 59678 80578 19263 
6772 13
95671 19919 86445 24112 75938 62509 23500 45113 88834 90050 95512 46842 68161 
3740 19
81339 77835 63558 58495 96736 46351 16097 27039 89604 66815 58097 54151 40681 68795 37086 28429 70126 74579 70845 
416 16
27052 96196 71411 80870 58698 61397 57140 78548 10280 82929 19674 84065 97542 348 1508 85782 
7737 14
32276 83212 14995 95552 91654 76706 46327 17918 77702 12538 99172 73796 62385 13038 
2887 18
52250 93017 80591 79304 49005 85103 45836 69447 85251 22640 59569 83250 38765 9226 99720 51033 49829 36666 
4828 18
19797 80928 94398 54907 45350 91043 18825 91838 30359 66981 28147 51609 32776 41459 24202 44288 11114 21408 
8138 13
20108 96157 72141 45672 77636 67623 36224 88287 74246 14820 66280 42854 13542 
4320 19
22018 18150 77437 64836 72292 33109 38599 830 69719 23979 62707 6675 89483 1680 61953 42132 48582 20351 15289 
1507 15
96383 62551 44935 23003 54791 45804 14531 21198 70437 90475 84089 9953 30098 63316 958 
6899 12
95073 51050 94621 10095 83721 85338 7382 66671 56318 85529 36977 66595 
9986 15
48409 4568 27290 7492 13568 11635 92716 18829 59227 3996 67087 53312 70134 48586 85635 
7493 16
83598 26660 79072 99864 87541 90060 85267 52915 85796 93534 48977 50461 2100 78279 7072 90439 
1557 16
3194 23157 2858 11168 5566 64895 5543 85028 49134 8127 13668 60485 657 24504 69284 23294 
2339 17
84827 69216 65811 86162 55998 93801 48621 82212 88562 13989 73062 5851 98479 16402 31604 63521 676 
4645 12
23371 14428 95329 63969 87740 35526 98861 8274 43472 4785 81895 29448 
465 16
32334 36875 11588 22169 666 54490 30843 39961 82793 1139 5493 43640 48125 57715 31246 43614 
5117 16
81352 84432 8709 18535 3822 6466 4056 94198 57577 24745 99375 96074 47619 12315 23603 99343 
5091 17
12683 88734 69124 8330 79615 89906 31388 10382 44496 25414 38037 57384 28866 21570 39856 28304 65945 
6377 16
59581 5993 9703 51511 8518 38727 27763 67396 27433 79352 9806 87756 53190 56798 19430 66152 
1812 18
90159 89310 81393 40192 89741 97811 38890 66766 85113 78702 53322 87752 86931 87679 65584 26813 54479 78892 
9550 19
13768 16900 62462 78565 42609 41342 7589 65218 72705 8236 4066 1235 72989 77601 55522 24547 62549 96624 94058 
3022 18
38872 59416 25983 90683 3416 6448 14072 61920 88733 30140 79857 9564 78659 12561 6089 73124 18402 1628 
6826 13
75337 52131 41184 46958 6581 98963 56931 18798 49952 35453 17486 31516 45341 
3520 18
17340 84153 15055 62718 25285 15549 93530 6933 54409 58047 64111 77097 8184 15673 42699 98266 51922 82462 
8665 14
38066 37733 41039 39045 23743 77940 11950 86722 87357 41158 45781 52747 70889 28944 
1041 12
54408 14469 94426 73870 10289 57473 18919 93566 76719 76267 23470 80354 
3473 14
58628 74712 28388 97635 32208 16736 23666 89557 69252 29757 95151 56850 87775 2789 
2919 14
66105 92778 54171 36953 45296 26334 22402 832 36354 22673 86866 41339 43217 43173 
703 17
86055 73064 49338 23091 66951 89033 56745 36614 70286 79756 49317 45427 10282 39014 97238 73048 75982 
4068 13
72005 57186 46190 73470 64187 19220 53021 24237 75385 93308 25918 48269 79609 
5532 15
77124 9624 58431 75618 36759 45150 64219 20449 84803 81458 4594 70554 56444 8841 99553 
2203 10
42602 14411 65073 2832 68082 49582 60445 70622 71567 36938 
255 18
39570 82915 5672 46524 5944 79059 79133 94892 61948 28377 34142 18475 53204 60046 1534 48077 94936 65354 
3101 12
24305 6878 34435 77971 24957 99413 60810 9716 72667 27359 67866 52834 
2006 13
94498 96323 16873 36998 3964 20664 88446 79411 27157 42790 96719 75657 42447 
3130 17
88641 23567 56914 26726 74193 74557 21113 79652 92289 51923 61595 31519 1414 82904 71423 16468 59713 
5565 19
4315 56005 51182 79310 77462 5639 91866 48934 72878 68023 95217 14332 3209 64592 29798 66873 70688 39586 70730 
1732 16
66346 85095 36969 86390 79532 95742 51465 83200 20354 35228 81321 69460 13456 36844 59602 13721 
907 9
36274 22820 38694 74734 47831 65891 45218 65743 41567 
4316 18
13342 77513 87587 71294 78639 27151 14926 35146 5208 69061 37870 24007 33788 99961 59990 26179 66447 18902 
7217 16
28172 73827 39816 63234 52813 26071 60144 6572 96348 43719 10306 81395 90888 30053 29793 50363 
713 16
76825 61069 40408 3566 91155 28713 45387 49475 28565 82198 32643 96448 89016 8217 52742 74248 
4509 9
83217 73001 6341 71811 50580 50063 244 1256 5678 
8912 19
36219 9206 5735 53735 31202 11771 61440 51355 23631 24608 57032 74752 48048 37555 69852 33840 67082 76800 51469 
7285 11
40018 63576 89313 26738 73564 5389 69891 83724 81492 65547 24772 
4604 12
82423 12035 96775 63847 97600 2724 98772 43924 39649 41997 15376 5038 
2928 15
97630 84448 67282 16309 16159 18109 12157 57257 31414 15036 82132 47749 63149 77931 83392 
4637 19
63609 28299 26142 46712 95262 16353 59528 50684 78679 72198 48895 36055 96659 67409 54237 89342 58115 89102 20123 
1478 19
29736 81910 56764 95287 31959 59763 21990 16091 11030 70272 40915 94114 89956 99281 44076 3165 94760 88154 16541 
4038 13
81515 75852 55901 46822 42184 52765 49080 8676 28298 46611 42005 53368 95365 
6387 13
85082 10865 78762 65040 98934 96352 36080 96160 47331 16104 15951 29687 24505 
4284 16
72299 37144 79590 23103 39219 74488 33387 94524 79501 4492 84059 55489 91306 76024 95026 40266 
829 10
55346 64598 2020 87347 79013 57872 84083 71741 11202 26965 
4278 14
72711 1017 60842 89993 71948 25418 25988 86558 71572 84134 4872 20348 54399 95136 
8008 15
71377 50829 23597 61943 33914 35381 3839 93520 38386 86370 765 69382 47538 78634 69813 
5100 16
70299 3203 75251 90513 32501 81289 3095 8513 96189 3664 63229 57302 46790 65914 736 88881 
2926 14
54429 40328 65807 38518 73405 71063 64459 40243 79790 1535 3508 43807 58374 28810 
9239 17
78515 97260 73807 24764 6754 95095 65093 12123 75646 55016 34855 86429 6812 93009 52478 56230 25718 
7474 16
31076 56439 46285 10368 56389 96179 10447 37821 50513 88361 26720 40882 74623 20262 52192 55913 
983 13
8149 74032 46586 80601 22963 94891 23431 63719 42650 21861 13684 33694 1403 
9061 10
97758 6623 14719 47228 34454 40717 6237 97493 42091 36314 
6084 18
49700 80020 41715 91466 40142 69840 83085 81884 21830 70603 37595 29120 5947 24662 75328 34816 26978 82735 
5950 16
25452 42850 30523 85222 91878 1357 79797 13810 2055 78148 64882 84196 3008 39675 14756 63389 
4977 15
63297 11224 49185 24860 50638 37896 25892 76211 65947 16293 90518 29970 67010 28157 36862 
4750 19
54443 58125 83605 96351 27589 65542 37091 59189 38488 12153 20032 37214 36626 68822 89323 5762 88763 42356 71773 
4556 17
32157 40510 57800 36222 87866 43049 15115 45034 972 64985 74165 54089 33926 76785 91644 64604 56560 
4355 18
55999 62148 73320 57430 45052 87950 1478 7753 56024 50139 81916 51294 98644 28851 13807 62132 47254 60822 
3124 14
99244 31431 99456 1683 57835 79809 42065 11593 4303 89360 88888 45851 24803 7441 
1883 18
54108 67858 93686 55701 8527 46341 87448 93831 57105 53033 43476 34850 35036 87919 18921 97496 12144 41480 
1992 8
27810 59875 19527 78260 27647 83935 40390 15657 
7770 17
24312 86072 41381 26233 79058 91932 45775 8627 36542 81669 18641 99518 47936 85119 67958 21420 88979 
2126 18
91307 15433 24695 2994 83515 37437 39158 5152 33272 46775 80042 18221 79908 75921 92653 6266 16653 14772 
8624 8
16149 95528 43169 93028 13968 68596 61292 26914 
486 20
97830 4790 62384 35600 70433 92872 57487 16438 74082 1886 17824 92546 21153 32434 30785 80033 28477 78122 77753 31791 
9540 10
64100 76067 69550 40796 22506 34381 15348 3354 15073 99580 
6228 11
11952 40575 79731 79417 82742 49933 4185 60978 91247 86229 87492 
6109 9
19931 1178 71786 93430 25854 12003 61318 39924 89884 
7460 9
41474 7904 50899 57650 74126 82758 59672 27716 38039 
6619 12
73595 96439 38534 31253 48818 11694 33183 99811 21025 56857 46796 5794 
4677 15
60333 43563 44563 5862 72469 96475 28087 89654 13292 21688 71682 53479 86628 12029 98754 
7452 14
33899 75969 55173 94579 68860 70818 17398 70801 44527 28031 38193 87337 73350 73154 
9265 9
33298 24823 53397 91487 68331 82736 67953 48707 58858 
88 19
92257 9925 71517 64710 83567 2478 26920 13921 16584 30039 87879 95943 15842 42841 8235 85299 83687 16004 96717 
9574 17
32523 58606 78540 47383 62810 5934 2343 10510 30215 23994 15704 46276 99574 65428 97499 59397 28041 
6330 13
27328 80921 78765 16610 58730 10959 27979 28898 2361 30262 5528 73012 95250 
7977 18
73858 1113 98237 63465 8250 9618 95919 22995 52968 60431 58806 81155 8182 13108 16514 18676 85101 57517 
7010 13
3374 50049 76342 73618 32844 36326 84419 76992 6527 88013 33506 7866 9494 
9748 16
38008 60608 84258 99689 60313 4737 27627 44145 99759 42285 43852 31566 22155 38506 16366 66583 
6673 10
73418 34572 76296 23796 50888 30070 65766 51168 42973 54187 
7021 15
8126 69638 66024 19902 71524 34954 71094 39880 84776 65056 14586 93967 58903 78444 86633 
1361 17
2574 24193 8013 66725 49862 245 23315 37985 93481 98455 82665 67742 36891 65315 13303 77140 36320 
6388 9
25759 33785 14052 57679 70658 78503 27325 21305 35798 
2585 15
6786 34582 18339 11139 67056 1673 6193 17454 33351 13156 66719 89694 26261 2636 98609 
891 17
5752 87948 33768 39858 68095 74930 64491 67375 77788 44791 76477 88916 10855 6322 25101 61413 79752 
4084 12
43610 22613 28414 80992 63578 68634 684 28011 7800 37389 41848 47224 
1910 16
75890 32105 38706 10968 90245 17618 11762 90311 71281 40637 48246 83784 77121 44994 88359 4959 
5386 11
87326 18316 42897 50928 46440 65754 13760 65753 47129 43464 4963 
1065 17
77947 91882 78289 87160 73016 56400 93966 54970 9015 76483 33295 88148 59899 39346 28543 50281 9836 
2293 14
98604 92725 43317 56425 8227 61028 34447 73439 89524 45466 9744 66863 61567 88376 
9110 11
99103 78629 8444 67737 54757 93603 90052 34898 4345 84142 27498 
3580 18
54485 15914 26308 68291 74033 43312 88651 94672 33000 7837 12403 58325 29107 47553 93285 84211 24670 22381 
2520 12
54251 75242 85757 81415 4711 58768 58484 78694 18188 17323 95271 64602 
1815 18
39778 46231 11472 77584 53452 73409 66241 96408 32932 11558 62223 72567 19271 20432 52911 7803 36287 72742 
9560 10
46631 67873 52476 24124 81457 8613 82282 17699 384 33354 
4246 17
79660 9858 23821 21451 8708 4405 84822 32000 66005 44035 53527 42037 38259 59780 67222 81796 64689 
8828 10
20517 8643 98048 60793 60340 54634 73633 2725 32078 3074 
1679 13
51344 28976 19995 68538 25432 90049 91367 6282 57066 96725 77193 72933 20174 
5785 10
55510 97065 13117 2722 27873 98075 51998 45889 61578 743 
4486 19
18005 32414 2710 98899 58740 32430 92910 85850 84361 15357 62927 79014 89647 88634 7655 32746 64356 66033 3231 
9739 14
68408 75752 52009 65235 47914 62526 83135 5553 1930 94857 67310 50398 49512 75047 
1676 13
99340 97222 64768 71950 48718 80095 26087 76968 47734 63290 14419 54584 84112 
8390 18
32568 42303 48266 60519 49743 87760 1030 90866 52167 83316 17788 27709 65036 18962 9561 93150 90497 44742 
370 16
94177 12080 99380 66522 48966 18799 21353 32684 68900 4267 96575 29325 46210 72080 60985 32555 
215 14
57345 89190 66100 66489 99274 57002 75230 94955 58909 80511 91887 73349 85451 53445 
5917 18
95004 27465 26981 22198 49539 40222 61491 67427 62847 44745 61071 43678 84627 80670 78933 27251 75324 8769 
9349 14
22034 46782 27110 49333 2672 92927 61627 40337 66258 29017 25475 12036 2822 82705 
3420 11
37876 67460 57729 3386 52101 56510 92850 11895 55407 64815 51528 
4775 17
39341 78072 85930 63833 80663 51815 30257 56806 27594 18438 82844 76773 46064 22934 24571 75465 40231 
2414 11
97573 7645 85993 8296 61711 80871 72821 67102 17574 3831 44723 
4364 13
21995 61301 70129 34699 15208 94136 36672 34216 95358 7404 30905 33386 48440 
7946 10
10678 36226 58690 67998 45497 36736 4421 79434 80630 74419 
7302 13
69412 98405 76795 91896 53737 74549 37237 18178 15124 95949 24210 90996 4551 
1521 10
22701 91929 33311 67054 25408 13049 73574 16704 26915 34218 
9279 10
24532 91244 899 8995 76171 83034 9652 44752 89798 7327 
4106 15
20739 30996 4571 44682 74113 28660 60014 84662 52055 91470 62699 32081 10172 8488 45410 
854 19
41186 99670 68050 46127 41059 92231 24645 70000 20317 22817 81781 38894 59807 59064 78498 30572 5310 95779 59377 
8328 15
92596 3549 46690 17414 8882 9753 74458 76330 45149 70422 22131 63526 42852 45518 1788 
9724 10
72055 9593 52416 18668 24199 52985 90703 50861 89926 43882 
8518 9
85977 38231 56852 92374 41806 36836 11461 22438 48724 
8085 15
4954 97376 81805 55989 19725 92916 58823 21077 75703 75493 98690 87050 79086 66731 31991 
6760 18
58782 39307 18940 55649 84077 77028 92406 62767 98616 10514 85057 950 1126 76560 44692 65570 55458 52244 
4684 10
82189 25207 41616 57563 14547 75207 46343 85546 58392 63262 
1122 16
7037 16524 11366 61361 5258 35032 90599 39662 69073 9959 3419 90466 11343 1885 69606 77572 
3407 18
13860 10902 62572 69065 1747 8722 83592 15630 49376 32395 56627 44095 85147 60096 98202 52696 79535 48469 
9726 16
94382 6513 34124 42702 97996 12833 47767 90017 887 81474 97216 50 54185 14611 25351 39494 
8381 15
71304 77955 80165 67433 73556 19668 4713 60797 35589 65589 1217 57847 79498 31023 35758 
5697 19
46481 70873 31031 87577 60488 1121 55750 95299 20694 22237 66684 80194 87279 71978 24566 85458 15736 64853 27942 
8931 20
44975 73422 46470 5681 56908 78860 95780 19568 30542 85129 9389 68618 14462 48430 99045 14270 73278 51296 64479 79669 
1037 17
91667 36246 59078 46511 11076 89697 59650 90410 38137 17608 67113 97148 90382 23309 61415 86998 83452 
5798 10
93871 42982 96481 41195 16994 23591 99945 44434 58620 17308 
2537 13
51082 16092 83929 67715 93270 41602 64285 95777 84262 29581 27730 46571 91004 
6794 11
58079 64947 20271 22895 94962 60555 13622 61900 3069 23957 60680 
1387 13
7146 33853 83555 69901 47755 82649 1764 87865 47004 69293 1750 33690 11485 
4954 11
51508 54932 16131 73161 21048 24713 10858 81777 47674 50514 77046 
9283 15
50737 61360 32820 23713 12928 69266 90715 91110 64807 54745 92144 52982 6947 32121 9580 
6115 18
63877 83165 74708 46716 63246 1292 68866 8724 77082 28690 31377 25374 87223 30659 20120 37543 61183 7852 
9959 14
4214 58183 7285 44815 52749 26480 38560 9752 77174 14715 96191 6915 20609 98864 
1360 13
65475 34939 75510 16401 55306 48303 13682 66993 99570 74506 9139 20601 84443 
6143 10
85209 7701 31317 24134 13865 92125 9630 30869 80557 5386 
7177 11
92866 37924 3402 79707 28825 2230 7818 98723 41812 41307 91994 
1036 13
41086 48263 72525 32080 42501 52614 55088 68330 73575 39091 295 96319 92931 
5458 9
21729 22777 98 75330 29942 80526 54394 76266 98801 
2950 16
6025 33043 81137 20163 83459 42157 470 56749 63046 2368 40220 8942 7142 60688 85026 51902 
4669 14
53493 80104 50155 33474 20140 51957 97651 38851 97200 7570 70364 10928 47499 16777 
637 16
31175 33750 57881 63248 53337 69260 40066 86656 55018 76310 36630 85689 27172 81280 47643 76965 
2631 20
28844 95646 53154 27196 41551 48846 91910 65968 46628 98470 51443 72913 92325 86463 49839 39248 63405 11334 72613 30747 
3809 12
62002 1735 42530 86093 51822 74886 76234 57952 18727 63510 36488 59913 
1978 11
39689 25345 38207 98454 26571 46371 98923 92074 76064 37793 14277 
6859 14
96771 8746 62573 36388 85409 63595 89409 61742 55716 64498 58121 22568 80638 59782 
8338 14
43634 26755 20665 77152 55329 2866 50955 1492 92112 68732 12663 39620 21354 51741 
6558 14
1310 29905 13742 92593 32443 55430 38168 8947 35358 57102 63398 39113 18817 20371 
7727 16
68591 17593 29801 91238 64528 56360 55257 4853 89355 92711 29373 10655 87259 13749 65973 29875 
9773 11
74155 55807 9758 83407 17563 27623 37333 7003 68891 95875 4010 
8824 13
22004 66680 95888 10212 65461 49785 86449 56839 87239 35200 42049 4865 20000 
4434 11
52445 76501 95613 26596 90926 66710 22448 54041 50089 90285 61601 
9564 17
78145 39193 32607 38194 65091 4400 3879 47827 70424 56167 77329 94564 87438 92259 89514 36491 69604 
3328 11
66257 26713 68887 70920 47850 26667 12262 57902 80203 16127 7347 
1873 13
92516 81407 29783 83314 96876 14302 21409 91002 34416 83188 75354 89584 87217 
4286 19
68496 20151 73082 66223 8873 36066 24471 98587 97766 59139 68748 39682 25702 74607 37881 30247 19737 36134 94078 
3376 18
52944 45742 46074 5317 4966 9500 27132 5472 69567 69095 33396 43711 80503 53369 70632 66007 44679 42109 
1049 18
9900 3703 85078 54415 96767 42964 6246 52415 37155 97751 8378 96474 66147 75843 18847 95406 58459 77276 
9638 12
55763 68397 54948 61154 62090 4281 655 53284 84531 45336 15986 937 
7791 17
23942 27113 54133 35109 83007 41427 75810 87331 49959 87958 48237 26638 84014 32187 91641 81874 93181 
2916 13
89411 51149 83837 87781 2499 19659 92953 1962 14347 8972 29865 63276 23779 
8309 11
98974 57734 30968 42085 70486 38327 79288 32245 66856 46184 87002 
3109 8
89613 84480 5398 93747 52392 90908 50905 77712 
200 16
89919 26167 90809 31708 30350 97659 15101 57090 78464 64627 95173 29706 31027 26181 60053 51575 
1448 14
89811 53233 91418 45379 95566 14370 97191 46160 88725 92889 88507 45990 61385 52876 
2865 18
62769 15962 42951 37273 23953 59338 22468 94145 59061 54150 25546 39714 96130 38450 72684 49230 72801 78982 
3817 19
84587 27449 37798 84939 20117 12370 88142 35154 1970 59532 76056 23889 99112 24180 88456 97393 99407 554 99990 
3172 12
96240 71744 47058 49452 63434 60034 93592 43269 79747 11291 64521 9062 
9517 14
24720 97001 52964 64422 61144 58949 51558 91100 76115 97254 88018 36928 41155 65632 
15 14
1051 17740 97244 23394 81548 34990 8913 59740 17745 2196 21436 29618 12330 83108 
1731 19
95703 43551 45653 49365 58646 62603 9773 68097 88863 6756 26239 40693 26296 4499 84056 44982 76857 2408 19645 
4073 15
2359 68855 46024 27061 80978 27832 28100 74354 54761 55069 15461 10082 63376 53563 26997 
1548 9
40589 55851 7862 3475 92675 75022 934 97692 60640 
1296 11
80466 19174 88340 88752 28937 9005 26826 95303 84642 45191 95991 
426 11
48728 5242 69733 49744 6427 63707 89569 34598 47318 98210 44266 
8519 16
82029 3815 5406 76034 15364 72958 32655 68342 45773 21247 82842 28883 35301 90641 69270 85292 
8071 16
68148 8203 98239 31251 42564 48279 11551 66959 35357 2657 2861 15452 23984 66947 81873 49774 
6913 17
83790 14559 46107 90774 16714 33046 87433 64705 53882 15183 36458 28372 46861 47134 39853 7138 5856 
371 16
48248 62569 12359 76661 368 76161 4481 97230 51237 78025 95536 49930 48435 10165 59367 94840 
8642 18
57282 55907 35326 73628 24376 84091 6597 13987 87733 74503 26421 79253 62339 18130 48531 51920 19957 99333 
7533 17
22825 20309 49380 50358 12511 37097 32632 52756 46742 54296 95154 70435 43745 69426 43403 87845 45926 
3755 17
28997 36632 89399 37715 93679 54060 89386 66021 69000 1719 93419 11814 98204 63749 6167 79379 84772 
4614 12
4248 59414 38614 92694 6797 80231 11040 96201 44479 89416 32798 76366 
3591 19
74472 78294 24699 36412 43479 82769 97822 69047 27866 58816 83310 35134 47889 41652 86139 85637 7495 75978 31468 
58 14
73007 29746 20337 94469 38991 92131 54095 4043 76612 44540 82981 86222 45516 26116 
5471 15
65498 60059 92558 62953 69600 90653 54303 31354 85226 33430 64136 70949 67905 14515 44193 
4972 14
58899 97998 24293 77302 48452 78871 10804 64964 69628 8511 95446 76641 85810 97453 
7293 14
12574 14667 70986 49312 39981 51647 3704 36429 78972 14763 57054 73884 13465 44087 
2429 19
19201 80317 14201 49180 50104 11679 66504 57579 8951 14625 87863 37185 11092 16390 65499 2292 14546 85520 79520 
1940 9
1935 18210 23551 17064 37971 60753 71444 9662 83694 
3626 17
48568 12872 88247 93048 35013 43673 83171 93140 18769 64512 71046 51156 97070 36207 60051 71871 47103 
2714 13
88095 16027 243 38324 20559 30171 61915 18199 88007 77069 4870 1865 52974 
1222 17
18914 31943 47746 77507 76095 25850 6691 66617 13764 40964 75639 83967 78527 18917 49871 45088 66597 
4252 18
73224 19213 86957 72729 62340 26067 73659 92372 73169 87121 48475 58654 6511 28200 56397 69466 51077 34069 
9913 14
86317 34662 73854 54421 5896 74864 11524 96531 44924 36752 49953 79315 26746 6464 
3840 14
96164 16237 5334 57288 77180 16075 82945 78316 81718 85873 35383 99721 87178 21985 
5847 9
64299 22096 9141 22601 17810 75122 21172 7677 13962 
2598 12
64464 27840 1537 85206 47813 69476 13580 3615 30837 81761 77400 72870 
8580 15
98908 71742 88493 86452 59259 39339 82671 29500 29915 61599 99132 64737 81463 38210 75412 
6179 14
28605 30428 21339 9572 86007 3457 45439 23087 24006 42006 52398 63008 70967 9863 
3899 17
77763 94267 65256 51086 57756 501 14286 3164 37706 31861 61790 39555 53892 62006 96065 87204 26833 
840 16
7307 56240 32726 4366 40919 31436 80058 27925 49731 15538 13123 80803 12625 24554 11608 36179 
3637 14
84024 50052 84656 84154 81107 47957 51291 17408 99429 71024 27755 62546 91186 68597 
3370 9
22251 63608 11899 89549 70702 55538 84713 11541 42678 
2317 12
20878 87402 82056 65696 66434 10806 70890 41224 32673 15438 60074 61382 
1638 7
52448 89528 71993 84949 10482 5087 3724 
9323 13
56664 64935 32041 94495 74911 89145 48421 59722 83574 75862 56860 91919 96985 
6572 11
64810 83249 59309 28378 43279 37887 58485 75962 79617 42542 30560 
3865 12
44454 15987 21619 56930 59457 96823 22710 90434 56899 92300 38846 73034 
5172 20
51447 57499 4624 78612 70466 52269 6742 17102 52564 57587 40985 22553 863 71104 45727 8430 24432 67828 5955 32583 
9316 13
5807 70147 47309 37623 47249 75727 33100 43322 78016 42636 19434 85069 23358 
107 13
79550 48205 321 13672 92509 52031 18315 11429 33607 2626 50847 61850 11806 
4801 12
27033 66706 40202 66669 31314 48752 86630 6454 69639 85702 23200 2688 
6636 15
42641 997 71874 5454 54092 97223 34089 1816 60066 95361 75695 47875 47982 88953 32592 
4148 13
42985 13890 29142 55818 39748 20686 40062 41458 67569 43422 15851 83557 55540 
401 17
17057 76566 56920 13170 58449 2236 54414 4749 45239 13769 26745 61483 75380 48257 37875 88244 20960 
2504 13
449 34013 53082 33155 70525 83227 56410 7223 95592 370 67989 48916 24035 
5340 12
32801 32426 13309 24410 11811 79681 77868 44919 36370 39074 20765 82085 
6674 12
44386 86425 39489 84547 11514 32297 53115 63865 72304 33970 69507 11738 
7466 12
16046 20898 13826 71446 58751 92083 13300 24447 85827 87747 38969 39625 
8659 10
36054 50421 50837 71598 79943 57540 16263 46930 33893 70857 
7899 10
66347 87502 8119 84878 1187 17954 66203 5052 43562 45542 
488 15
42727 59801 35973 83896 98260 26991 47487 70627 8544 30759 65211 9180 28850 65737 77241 
1458 11
20711 69893 25034 82004 9039 84185 26866 35673 82976 57706 18413 
3320 17
29761 29547 74031 34399 48480 43708 2011 70630 90812 11026 91490 30588 20553 7118 91773 41739 1967 
2957 18
86534 61837 54493 55932 47661 92555 23816 30778 58996 9027 92453 65272 7117 98914 14432 32919 53080 54888 
5030 19
36814 35724 8186 66633 1763 82133 53718 90423 10444 57136 30735 36144 52071 42899 98456 19728 44278 63887 43874 
3267 17
31347 19951 74437 21116 39327 74502 6432 54747 30344 61801 37906 73566 32751 16456 31974 91120 34595 
319 12
71080 1286 55351 75106 65450 13491 29987 61579 12761 3195 30045 2162 
4781 15
94795 22539 58752 2412 82957 91706 94454 33718 79472 81073 59962 59558 51238 73475 51071 
4051 16
80213 29030 33682 40497 1372 62246 65163 53869 98700 80069 68216 5515 8125 9620 17333 35248 
8809 11
65406 96813 42431 76208 57328 29388 31367 52657 48815 60339 21474 
9701 15
65966 27268 25174 1525 1052 8094 31395 15781 2818 62016 51074 72243 31118 82937 86794 
9429 15
43984 21221 13900 66779 90446 43772 7413 88304 45939 78376 59323 88954 73726 56724 70552 
2826 17
42833 27031 27319 94735 69989 65409 22339 89284 769 37111 6595 52052 9304 17651 40478 8700 42370 
7718 14
56013 62902 45232 68845 27298 43357 78201 87371 40897 35277 81664 60428 38221 62446 
6743 14
44681 32687 7377 86606 30014 63411 54489 5617 28607 7930 49522 54070 37829 46518 
8965 10
91862 16050 99886 13636 20994 22790 81920 9911 7337 3308 
2510 12
36151 88952 51299 410 90510 94567 68356 58544 39652 58393 19813 70989 
2260 17
93385 53854 49470 43072 1867 42714 94835 97427 40058 21737 95866 87116 65117 32797 69575 31416 29339 
8419 14
74516 91336 25113 33156 11972 32676 25460 33623 19745 55440 98984 74227 81425 54900 
7785 9
54677 4026 48557 77242 35794 72110 59837 22157 46623 
1104 13
55890 58287 47255 17348 94172 3806 3022 71384 92947 77783 91881 62150 69450 
1686 15
75853 43095 71881 81903 79064 27587 82258 85775 84104 29562 51828 15568 44011 98186 6033 
6060 10
96346 93867 58658 33014 38156 82043 44028 9960 86675 2388 
7138 13
47439 80141 19413 98936 73773 99033 16466 35017 44269 12121 88223 1335 24225 
1123 10
84388 15386 81414 60904 13407 58159 92945 62034 39015 32793 
6079 16
81771 15659 16853 80276 77000 76709 22024 12844 26665 61223 97034 72673 49 49798 51612 10997 
4518 10
2404 81118 20916 62287 13817 36700 835 58567 678 11641 
3761 19
11607 51684 32960 63048 9296 41286 97569 36152 58738 39340 55676 68579 6914 69288 68646 88316 89142 95687 18111 
2984 15
59464 71432 911 65932 20223 99933 15268 77802 37544 17016 52854 2953 36968 63935 1455 
9064 14
53135 11002 26172 48449 36301 27417 75503 50724 59567 14144 63288 65751 67031 97723 
6481 15
47001 63549 14720 38835 97550 46228 44018 95828 5972 72894 27742 25419 46836 37282 93625 
358 13
99987 72306 13196 74558 92882 26921 25027 61764 82429 24525 80552 17648 71018 
3961 16
56275 76039 23102 16499 76044 63866 11497 737 41373 91102 22304 30526 22892 93394 2633 99374 
5142 12
89850 85622 72067 21438 72353 56963 94670 25283 94091 84764 38870 98935 
9070 18
1833 95623 26864 50741 79699 34749 28391 18933 48849 95459 18941 78692 78830 22344 46400 78622 12507 12301 
4676 11
11921 19836 52453 48092 44846 32880 59718 12589 58308 52489 51827 
8796 10
5834 54729 48241 95709 73999 94930 83000 17115 79176 70427 
9689 14
52717 16618 25065 24717 82941 57232 92443 20901 99959 26460 41822 99017 52173 99039 
9149 14
32620 10985 96588 26325 37557 69311 9349 2335 91243 73783 6371 13653 57954 54782 
6622 17
84481 45670 57998 82147 58564 6272 18793 24733 62848 47299 79296 1133 9183 44905 88036 88021 53429 
8722 13
54726 60231 64086 75693 47704 81145 75610 17443 72556 87862 44165 88070 24663 
7650 9
2927 93619 59307 77217 98815 62493 24415 9657 27528 
4215 14
2736 21730 18783 4969 46303 25445 12790 67456 64071 97864 71012 80542 9327 72899 
